Webots Project File version R2023b
perspectives: 000000ff00000000fd00000002000000010000011c000001e3fc0200000001fb0000001400540065007800740045006400690074006f0072000000001a000001e30000004200ffffff00000003000005330000003afc0100000001fb0000001a0043006f006e0073006f006c00650041006c006c0041006c006c0100000000000005330000006900ffffff000005330000023a00000001000000020000000100000008fc00000000
simulationViewPerspectives: 000000ff00000001000000020000014c0000029c0100000002010000000100
sceneTreePerspectives: 000000ff00000001000000030000002200000292000000fa0100000002010000000200
maximizedDockId: -1
centralWidgetVisible: 1
orthographicViewHeight: 1
textFiles: -1
consoles: Console:All:All
renderingDevicePerspectives: robot:camera;0;1.26172;0.652977;0.361493
renderingDevicePerspectives: robot:display;0;3.2;0;0
