Webots Project File version R2023b
perspectives: 000000ff00000000fd00000002000000010000029400000370fc0200000001fb0000001400540065007800740045006400690074006f0072000000001a000003700000004100ffffff00000003000003ea0000008ffc0100000001fb0000001a0043006f006e0073006f006c00650041006c006c0041006c006c0100000000000003ea0000006900ffffff000003ea0000025c00000001000000020000000100000008fc00000000
simulationViewPerspectives: 000000ff000000010000000200000111000002240100000002010000000100
sceneTreePerspectives: 000000ff000000010000000300000022000000c0000000fa0100000002010000000200
maximizedDockId: -1
centralWidgetVisible: 1
orthographicViewHeight: 1
textFiles: -1
consoles: Console:All:All
renderingDevicePerspectives: robot:camera;1;0.585938;0;0.0110294
renderingDevicePerspectives: robot:display;0;3.2;0;0
