Webots Project File version R2023b
perspectives: 000000ff00000000fd00000002000000010000011c000001e3fc0200000001fb0000001400540065007800740045006400690074006f0072000000001a000001e30000004100ffffff00000003000006400000003afc0100000001fb0000001a0043006f006e0073006f006c00650041006c006c0041006c006c0100000000000006400000006900ffffff000006400000032600000001000000020000000100000008fc00000000
simulationViewPerspectives: 000000ff00000001000000020000014c0000029c0100000002010000000100
sceneTreePerspectives: 000000ff00000001000000030000002200000292000000fa0100000002010000000200
maximizedDockId: -1
centralWidgetVisible: 1
orthographicViewHeight: 1
textFiles: -1
consoles: Console:All:All
renderingDevicePerspectives: robot:camera;1;0.949219;0;0.0110294
renderingDevicePerspectives: robot:display;0;3.2;0;0
